Date,Open,High,Low,Close,Volume,ret_1m,ret_3m,ret_6m,ret_12m
2024-01-02,114.8108528720354,116.7812059265884,114.8108528720354,115.90970611572266,2347700,-0.0014498596608936154,0.03815315340247705,-0.09286339699394042,-0.07444223670066208
2024-01-03,116.3549159364273,116.77171605529814,114.9055723176526,115.32237243652344,1742500,-0.00899257475482207,0.019697718710181444,-0.09850942920456685,-0.06902456992333139
2024-01-04,115.45500352886953,116.67700109705768,115.21818246279908,116.07073974609376,2018600,-0.003605877940602631,0.02232897187544758,-0.09417297210657793,-0.07227760501209324
2024-01-05,116.06126742220316,116.53490956471936,115.06662325924243,115.80550384521484,1394100,0.016381511608176913,0.04177180682204562,-0.07948426139372433,-0.07236783685647175
2024-01-08,116.46859360207333,116.7717242676638,115.68235318105135,116.7148895263672,1535700,0.01599735249212375,0.0471246167669539,-0.07102041470673082,-0.05632332082216651
2024-01-09,116.80014211931092,117.13169013639998,116.08967898531805,117.1222152709961,1403200,0.017696981927069144,0.05290591520439092,-0.06798521107452482,-0.07293369399566307
2024-01-10,117.16011087972416,117.39693193120912,115.99494812644802,116.77172088623048,1899500,0.0277638199137622,0.039758148178567376,-0.06697889893229436,-0.06606188355550424
2024-01-11,117.03697629120946,117.48219383426336,116.30756334459556,117.29273986816406,1608400,0.023559562290931924,0.04754767737906507,-0.06365033869586556,-0.05388508642229983
2024-01-12,117.77585942423046,118.06951524619691,117.1885405530918,117.6242904663086,1201800,0.019709296638241725,0.04699986485724783,-0.0634357782362347,-0.05434284307376447
2024-01-16,117.54850217078548,117.68112861826384,115.68235822060096,116.582275390625,2725600,-0.004449095935548875,0.03203643306612802,-0.06766177599082057,-0.0622387708798422
2024-01-17,116.29807498036836,117.7758432078115,116.241240242576,116.81908416748048,1822200,0.02052301725404293,0.023171202319018036,-0.061302712292924055,-0.0643857951382949
2024-01-18,115.91916959022733,116.83802918889212,115.72024077646248,116.55384826660156,1348000,0.03014060319237477,0.020261243098920412,-0.07346760145465558,-0.06671476571568202
2024-01-19,116.677003231817,117.05591838990355,115.98548975347416,116.29808807373048,1806000,0.01807791182205931,0.004331160889743169,-0.07221026395594576,-0.040581526278323565
2024-01-22,116.14651020865024,116.5159504489706,115.50235669756776,115.89073944091795,1925000,0.01299991677279011,0.005456593190378722,-0.09082969850501954,-0.03902274569683639
2024-01-23,117.17905391687668,118.88416838620626,116.75277891314676,118.3631591796875,3656800,0.05176760811736658,0.02498824481726425,-0.07156877395233308,-0.04009297812002188
2024-01-24,113.39939147899976,114.64033147665762,111.56165780590864,111.8174285888672,6020600,-0.011638630980961184,-0.02152073888395356,-0.09486881275986148,-0.08709754736946218
2024-01-25,111.92164099279368,114.22354212064675,111.70376242479196,114.1382827758789,2769500,0.0023292917448294315,0.009646566778670262,-0.06886678506400967,-0.07091834199877278
2024-01-26,114.11933646210856,114.8297996602435,113.61727695844606,114.78243255615234,2579700,0.008993293190707075,0.030047390457578205,-0.05233092785161075,-0.04749211390818908
2024-01-29,114.91504372443508,115.16133963948477,114.1193284673274,114.8771514892578,1823100,0.00797932358069997,0.018973099482324063,-0.05227619707487452,-0.033607247275911356
2024-01-30,114.95295205186208,115.4171193501536,113.5983351702634,115.28450012207033,1949800,0.007283632505063364,0.05155054708837614,-0.03919125209958352,-0.020024915461691828
2024-01-31,115.74866739824552,115.90022912347447,113.80673175161118,114.59297943115234,2586300,-0.0044440971250772066,0.021980367544475854,-0.04421408328382581,-0.02643191166028147
2024-02-01,114.3372049114363,116.97066117027912,113.34256079546088,116.9232940673828,1939700,0.008744633953675862,0.04171695279487775,-0.02831784354031497,-0.014427151943946614
2024-02-02,117.03697715705847,117.33063297484657,115.5971009861116,115.81497955322266,2485800,0.004271565926813992,0.03331084751346758,-0.03146900865004709,-0.023769385251478647
2024-02-05,115.66340120514604,115.99494923495244,114.50771330650235,114.60244750976562,2232500,-0.012649977414980307,0.009146439573136211,-0.03493320614120066,-0.035251609164034914
2024-02-06,114.55508296800484,115.36027312330042,114.2330025695635,114.93399810791016,1741500,-0.007525598597364902,0.026137695607845624,-0.03823838728045492,-0.040421511521435805
2024-02-07,115.58761546776486,115.58761546776486,114.280365867183,114.6876983642578,1903500,-0.01736874507045172,0.012070984723344447,-0.03247375101588901,-0.03608895555345104
2024-02-08,114.51719709571772,114.62139894566296,113.38992647933144,113.92987823486328,1985800,-0.027256460516447922,0.008556272891391936,-0.04089724336467737,-0.041576090479529815
2024-02-09,113.74989616474642,114.11933644955953,112.83102927224006,113.49412536621094,1612700,-0.02806840128024557,0.0026172283341656666,-0.04434128881409394,-0.043258924936492305
2024-02-12,113.2004657571588,113.74989234640896,112.5563121901219,113.74041748046876,1651100,-0.030285952836365482,0.009310004848121833,-0.043614563720285604,-0.028099431737246827
2024-02-13,114.07196156637865,114.42245932197856,111.87426251268236,112.30054473876952,1789200,-0.04526059801452298,-0.009404610018761583,-0.05179448072495063,-0.04546404577220642
2024-02-14,111.75112238478845,112.35738371715028,111.46693422334155,112.15845489501952,1590600,-0.03794590970868306,-0.013759423263090875,-0.04603193184978738,-0.0552452286964249
2024-02-15,112.39528147453288,112.56579293433526,111.82691235092672,112.52790069580078,1591000,-0.03673358254998427,-0.009857283373384096,-0.04175333280361837,-0.0409279733136958
2024-02-16,112.82155053941086,112.82155053941086,111.7132297229554,112.05425262451172,1731300,-0.03860529453989037,-0.017350938958262452,-0.04947302265465747,-0.03891035051837821
2024-02-20,112.537371331852,114.12880915444887,112.40475211556937,112.8689193725586,2293200,-0.029486028170969347,-0.011507876690544427,-0.05301481658011342,-0.021972110584523086
2024-02-21,113.2762548827235,114.12881217223028,113.1152182911515,114.1003875732422,1301100,-0.015448618900119171,0.003482074746212094,-0.03104663127033691,-0.017207161023133466
2024-02-22,113.44676464816948,114.86769103374752,112.3668611733066,114.66876220703124,1679800,-0.03121238904284218,0.014002605396337131,-0.03573323944211382,-0.027597272046002486
2024-02-23,114.96241507457805,116.18441260219498,114.57402507005877,115.22765350341795,1488300,0.030498151831853892,0.010477896814848675,-0.03675506557418573,-0.017536091262066456
2024-02-26,115.0666177392942,115.64446170362022,114.68770259801734,114.83927154541016,1413500,0.006141574522438686,0.0007326546504655695,-0.03873206133814244,-0.010764975029924018
2024-02-27,114.6119227802304,115.09503978566433,114.13828064119475,114.80138397216795,1162600,0.00016510728683449827,-0.0004963227809169357,-0.04403218281093002,-0.0030986447743736045
2024-02-28,114.70664510283883,115.1802872226336,114.17616824137436,114.83927154541016,1080400,-0.000329743063407939,7.846638024533448e-05,-0.0457843339555426,-0.0031645699555721274
2024-02-29,114.81084992772487,115.42658614488292,114.18564607151292,114.78243255615234,3266000,-0.004355030948534844,0.002943079333747267,-0.04640399906876347,0.00590312970176865
2024-03-01,115.31292086526064,116.58227835650987,114.62140014721192,116.4212417602539,2340800,0.01595440085576949,0.01910046393099618,-0.03241545029282633,0.02296439533270922
2024-03-04,116.58226779235784,118.29684990499892,116.49701568225534,116.9801254272461,3453100,0.0004860567803584015,0.007771692093161198,-0.02301613319965201,0.012051695838605214
2024-03-05,117.25484083242206,117.84215965681278,116.50648542346144,117.10327911376952,2359100,0.011123773155395922,0.006311409229647458,-0.011475390092741566,0.014559015043061674
2024-03-06,117.05592215002451,118.39159649906348,116.75279145925911,118.23055267333984,2563600,0.03165818219776728,0.014934754351079826,0.0014977827632063345,0.026841903792082844
2024-03-07,118.62276789461134,120.58387302519128,118.1061839973091,120.44037628173828,2629200,0.047909045752138946,0.05706005016400573,0.023682010370557727,0.06786922885383517
2024-03-08,120.2586057963758,120.66995920954147,119.42633057479482,120.20121002197266,2003400,0.04807413293972895,0.04634560032792323,0.00782675501162311,0.06402687815446906
2024-03-11,120.65082826782734,121.34916784316444,120.3734031973006,121.2822036743164,1261000,0.06453377773560431,0.05384390446533405,0.014098382470855153,0.07368348036956718
2024-03-12,121.10044163162016,122.05707679344118,120.83258495407782,121.21524047851562,1888400,0.06803096713059831,0.06687336317790638,0.009026857911026198,0.07545895572625394
2024-03-13,121.47353510500324,122.40146507389954,121.052613301574,122.3536376953125,1829600,0.07572699666169913,0.06772367995565354,0.044775586556679015,0.0790323791745624
2024-03-14,121.9518657250354,122.31538449507303,119.07239155902154,119.39764404296876,2560200,0.0631973720226231,0.03508286549190487,0.018229336103840144,0.04810966137949002
2024-03-15,118.03921990003812,120.00988612919114,118.03921990003812,119.0723876953125,6510800,0.06164432995055469,0.01681514468634071,0.008276077623089684,0.027227114117565954
2024-03-18,119.00542256106782,119.94292098738066,118.79496164537176,118.8427963256836,2156000,0.05611848786688034,0.038202019383371644,0.013335374277288592,0.016440840777430132
2024-03-19,119.36893981982809,119.92378999088004,118.823658044428,119.62723541259766,1668500,0.06758318056399548,0.05730419268774911,0.019127165188001616,0.035717972963287936
2024-03-20,119.50286899786764,119.78986248104628,118.78539258846853,119.02455139160156,1326900,0.05453788388568159,0.04194547600383558,0.02010766301578082,0.005555673007707762
2024-03-21,118.65146971057428,119.53157239501148,117.68526605779664,119.39764404296876,1799900,0.046426279370227475,0.04365373852891641,0.01871829664301239,0.012332067580366868
2024-03-22,119.80899048976204,120.1342502532384,119.34024128502136,119.51243591308594,1440400,0.0422405685107996,0.061980009081727294,0.016930079725036684,0.018156776707245248
2024-03-25,119.74203377665545,121.0908929969426,119.53157285162784,119.75160217285156,2332000,0.039260963248717085,0.058492034376534274,0.02965044547105733,0.02051473568507345
2024-03-26,120.00031670362948,121.07174341084593,119.7994241960264,120.62212371826172,2045500,0.05035605063521231,0.05926850216142521,0.04125097513243525,0.003432257111275927
2024-03-27,123.68336123779235,123.68336123779235,120.82303127059032,121.75096130371094,2416400,0.06053565811739525,0.07025004314025662,0.05057017184088819,0.014066408240261508
2024-03-28,123.30070221750476,124.33386991706118,122.82238464903013,123.74076080322266,3204100,0.0775125890126589,0.08575227324867063,0.08415166352863968,0.020847792871540705
2024-04-01,123.02329075039547,123.94165235452252,122.80325414772182,123.21461486816406,2093400,0.07346230711643642,0.07657199979788443,0.08007452052507857,0.009524733471174773
2024-04-02,122.92762026587982,124.03732057469549,122.1240502203627,122.15274810791016,2287100,0.04923076116521008,0.061233332398752616,0.07741174163633047,-0.003163256589687302
2024-04-03,122.01882897127815,122.24841938752364,120.42124255800316,120.59343719482422,2100900,0.03088825349076374,0.04040844581579206,0.08010330885023476,-0.02475992158060436
2024-04-04,121.22481179956104,121.77966195846015,120.6029974696601,121.01435089111328,2009200,0.033398482151332676,0.04935710508143476,0.07002704616385924,-0.027082481502622602
2024-04-05,120.60299017949929,121.00477518122318,119.80898127236856,120.83258056640624,1558500,0.022008083648695775,0.0410253336088755,0.06427035900465672,-0.024570251555918965
2024-04-08,120.6221212875625,121.60746161244604,120.24903416688257,120.5838623046875,1343600,0.001191344857754073,0.04126192884458568,0.08475732098743238,-0.035188655086815235
2024-04-09,120.73693972509906,122.48757676832764,120.6508460518386,122.39192199707033,1884900,0.018225373727079885,0.04864017344951188,0.09805693974975216,-0.026676820065627327
2024-04-10,121.70313247134764,121.9709891621322,120.97608766882716,121.64573669433594,1690700,0.0029974143691826605,0.038622232450721494,0.09357149221015448,-0.02604639531154007
2024-04-11,122.42061946337984,122.42061946337984,120.4977804832061,120.61257934570312,1988700,-0.00497182640098226,0.032892025828879845,0.07395790004424518,-0.03730069377492784
2024-04-12,120.4021048286698,120.75606247418725,118.46969767001929,118.5175323486328,2660900,-0.031352605602396943,0.01044218492845661,0.058486363947632514,-0.05914237204102368
2024-04-15,119.56026637314604,120.13424601358922,119.2924023956286,119.96205139160156,2340800,0.004727122994400812,0.01987481425839155,0.06780879269984652,-0.052732371510543774
2024-04-16,120.33514552861152,120.74649896627804,119.48374076436764,119.84725952148438,2296000,0.006507569396816404,0.02800583639253551,0.060939476561713946,-0.052743143483005905
2024-04-17,120.14381455562436,120.72736262749244,119.6272379561962,120.49777221679688,2290800,0.013925756901393527,0.031490471574339374,0.05539134598132778,-0.05653276410272545
2024-04-18,120.80390011378354,121.08132521649914,119.51244396555762,120.16295623779295,2350800,0.004478251322515225,0.030965154946544837,0.051853790577433,-0.059832165406035975
2024-04-19,119.47418044396636,121.41614890936816,119.06282697849592,121.3300552368164,4795600,0.019369985589187566,0.04326784082551516,0.04778640169522563,-0.04843756030297108
2024-04-22,121.9805685591595,123.44421209479503,121.3396173643496,123.33898162841795,2705600,0.03301017886107349,0.06426951992395535,0.07007680573909991,-0.0378265073555627
2024-04-23,132.93404334733347,133.68977878680508,129.12662446839778,130.14065551757812,5773600,0.08892982159799212,0.09950305837994033,0.1269777099800693,-0.002192535272020679
2024-04-24,129.77712917401706,132.22611284553665,128.62916990262903,131.80519104003906,3551300,0.10065492777114704,0.17875355124345882,0.1533859038586154,0.004468135059452427
2024-04-25,131.99652038481216,133.30712053062663,129.92062375913176,130.51373291015625,3024200,0.08200493314973012,0.14347026901072324,0.15450083132015902,-0.02077424263638572
2024-04-26,130.34156263126772,130.78162130213985,129.36579051557504,129.3753662109375,2123900,0.06262295447678046,0.12713560193670048,0.16100308546672992,-0.022150758943023652
2024-04-29,129.37534962337963,130.05455244058882,128.54306707386712,130.03541564941406,2148100,0.05086969568743327,0.13195195009317162,0.1534285870515002,-0.035760255766768556
2024-04-30,129.58581342189368,131.16425569724902,128.35174581278744,130.60940551757812,2875700,0.060015531902009034,0.1329311865799898,0.19133440906167154,-0.021544471816765554
2024-05-01,129.37535991026598,131.6425808420723,129.37535991026598,130.55201721191406,2105600,0.06876037775739574,0.13926715109410281,0.16430866180649928,-0.028411931155543635
2024-05-02,129.9971708748251,131.03033875478192,129.89194040750272,130.58071899414062,1687200,0.08281778869260936,0.11680670678750338,0.16339647945556046,-0.028398141887960415
2024-05-03,129.90148309256503,130.7337656150859,128.9448479241779,130.1884765625,1907300,0.07581022914911517,0.1241074087715226,0.16155237925387023,-0.02932039826839239
2024-05-06,130.121519370103,130.49460650096952,128.92572541256993,130.0736846923828,1796200,0.07647857955742254,0.13499918648158737,0.14538038795630004,-0.022318682140420765
2024-05-07,130.99205248449508,131.4225500072816,129.75799948456643,130.083251953125,2614100,0.07877828315396584,0.1318082907982665,0.1613911513895876,-0.027432580477386614
2024-05-08,130.60940260789891,130.7624677431075,129.60493272909778,130.03541564941406,2180700,0.06245096512600479,0.13382182661309172,0.1475081725611329,-0.02483489593929944
2024-05-09,130.22676438032073,130.91554294462597,129.57624480421208,130.73377990722656,1164700,0.07470909758002042,0.1474933698930363,0.15731163630690403,-0.014011586136546295
2024-05-10,130.81031864683948,131.15470794522588,130.08326646297007,130.74334716796875,1048900,0.08399428879825654,0.15198338897365682,0.15499839253976688,-0.010432822084437077
2024-05-13,130.77203045847,131.50864365831916,130.00671937005094,130.3798065185547,1194200,0.10008877112820458,0.14629266716858313,0.15696465745728916,-0.015038790054170414
2024-05-14,130.37024711790582,130.90596050764196,128.61004180960285,129.24142456054688,1454900,0.0773525715949448,0.15085305116893943,0.14002972703379357,-0.030186177521297042
2024-05-15,129.1935814279988,129.61450323442443,128.20824837981786,128.29434204101562,2166700,0.07048206653417033,0.14386688155698413,0.12812793297700975,-0.03193903076209936
2024-05-16,128.42829303809663,129.1553306338603,128.05520584332237,128.830078125,1631800,0.06914904528867005,0.144872314585067,0.1335869837538597,-0.03333972964222043
2024-05-17,128.88745930859122,128.88745930859122,127.806471434295,128.46653747558594,1418800,0.06910267105413803,0.14646730906386018,0.12657502476664972,-0.03733182401587065
2024-05-20,128.44740601902996,128.4665282121731,127.6151235102943,127.8255844116211,1796400,0.053536027508818584,0.13251358409566616,0.11948075741952668,-0.03514082706385879
2024-05-21,128.18912671560113,128.73441582838544,127.55774393146008,127.9404067993164,1384900,0.037307144182210816,0.12129686428269282,0.12520130377681826,-0.042464522251641434
2024-05-22,127.40467763215727,128.1030318857687,127.10812303543536,128.06475830078125,1518500,-0.01595118150082231,0.1168234123741907,0.13246184991505716,-0.012037277916354228
2024-05-23,127.5003445669586,127.50990566447533,125.86450646877516,126.12278747558594,1568900,-0.043112137842332476,0.09455311846513315,0.1060217330987816,-0.012062741603245164
2024-05-24,126.48630914572944,126.86895739243968,125.70186126375005,126.21845245361328,1413900,-0.03291056320869912,0.09908788827264137,0.09989314012525474,-0.004705234023877458
2024-05-28,125.52011163039366,125.72099684900596,123.29114985180932,123.54943084716795,2189600,-0.04503125698806343,0.07620158026248913,0.07566743690134614,-0.02141512935443235
2024-05-29,123.31026425100788,123.54942303706264,122.40146378341846,122.60236358642578,1608500,-0.057161751095781366,0.06759962804140485,0.0676833987197687,-0.023644354782705213
2024-05-30,122.60236875567284,124.63043067585592,122.60236875567284,124.04688262939452,2681000,-0.05024540814788703,0.08071313585996664,0.08389376035582519,0.00804979231502334
2024-05-31,124.04687247861274,127.8638518075908,123.73118114189184,127.51946258544922,4228800,-0.02322870753917461,0.09532814336450612,0.11624941905944497,0.030790000747457302
2024-06-03,128.78223174095456,129.61451432838533,127.9499637506192,129.04052734375,2184300,-0.011794939270166949,0.10309787130468306,0.11167080830908471,0.04581118722905364
2024-06-04,129.8536864325571,132.62792308241032,129.45190134101887,131.43212890625,3553400,0.009552706787785192,0.12236079041441328,0.1294444686660292,0.04828753542222852
2024-06-05,131.21209036020406,131.63301219280137,129.59537450186218,130.9059600830078,1593400,0.006398491690254637,0.10720923757067213,0.12374513554903666,0.04004039875525667
2024-06-06,130.98248842926222,131.3173165845134,130.0162921425662,131.05902099609375,1791200,0.007501112005720456,0.08816515725188334,0.15025591571139918,0.048934149708514285
2024-06-07,131.03970853879306,131.54163260375594,129.7269942576793,129.80421447753906,2185200,-0.00177798617953695,0.0798910797471255,0.12993928012677536,0.04366247501213971
2024-06-10,129.2926414440332,131.4258076415311,128.79071738669535,130.75979614257812,1938800,0.00019900163041275398,0.07814495598803806,0.13619648999803968,0.04432200361269856
2024-06-11,130.58604908923593,130.99145892598756,129.74630313078825,130.93353271484375,1910800,0.0014546479877914908,0.0801738477600975,0.15240870577663523,0.04742012284225461
2024-06-12,131.03970627635985,131.03970627635985,129.39881713536076,130.48953247070312,1908700,0.0008415870147255866,0.06649491530158502,0.13872187561980143,0.04262818377272071
2024-06-13,133.98366923137883,134.6979452415318,133.32731943414484,134.5821075439453,3493800,0.04132330637454751,0.1271755705289459,0.16672011945557386,0.07692773554676435
2024-06-14,134.02229806346273,135.0743960660797,133.6168881799334,134.64004516601562,1736300,0.04946206531049735,0.1307411211954388,0.14975469675113517,0.0721287851725485
2024-06-17,133.7134091932189,136.16510344655174,133.40454302444374,135.566650390625,2006600,0.052290368551113575,0.1407224887161893,0.18430039134117338,0.0700044831937443
2024-06-18,135.45084168258225,136.8697321551868,135.23848972557658,136.74424743652344,1433100,0.06443475572392243,0.14308624591121522,0.20858988040562743,0.06863813513533801
2024-06-20,136.09753091179,137.25580482496338,134.82341929752295,135.2481231689453,1752900,0.05806770836597419,0.136304414405787,0.18396724395329733,0.06694255404998084
2024-06-21,135.71144294822196,136.14579381961013,134.51455157243413,134.6207275390625,3481100,0.05221431529621956,0.12749902745664943,0.1767185751928495,0.048463658287398736
2024-06-24,135.09368178540657,136.1554266126139,134.5724490115455,134.84271240234375,1468500,0.052925989878053414,0.1282734836097441,0.19820388437054803,0.055233828087455805
2024-06-25,134.93926191878754,135.02612915158622,133.38523982073934,133.60723876953125,1644200,0.05934257752901395,0.11570314171396401,0.18096288823310447,0.04953503742498633
2024-06-26,132.97985944773967,134.6207489609007,132.23662756307257,134.3311767578125,1818400,0.06427526361235292,0.11365289067179041,0.1796574294296489,0.0597089664563184
2024-06-27,134.3601046356517,134.88133743874457,133.68444612076374,134.50489807128906,1421900,0.08867274538620218,0.10475430034398747,0.18236333760253642,0.04665242461237851
2024-06-28,134.23464294151736,134.81377253501975,133.2694122240948,133.39488220214844,4428300,0.08802863419606677,0.07801892712037017,0.17046150072603505,0.04794320500869409
2024-07-01,134.30220359830125,135.35430156247358,133.0184449560419,133.02810668945312,2052800,0.07240185218431594,0.07964551795896302,0.1623161343419035,0.04353803674137535
2024-07-02,133.20184671259304,134.0029900218055,132.217307199937,133.19219970703125,1726800,0.04448526528082564,0.09037415670230198,0.1571413998786635,0.038014130926608436
2024-07-03,132.8543636296764,133.24045004938603,132.0532203169387,132.73854064941406,736900,0.028657766531075657,0.10071114761385291,0.14518917438104562,0.03884301744733576
2024-07-05,132.7578426205201,133.76169093715845,131.91809650676308,133.4817657470703,1221400,0.015594640807213178,0.10302426748687843,0.15746635216460092,0.043445002489373996
2024-07-08,133.66512946827933,134.6496688049568,133.50104203354144,134.43731689453125,1348600,0.026976287476018657,0.11259162275896473,0.15823606525309142,0.04916153258717948
2024-07-09,134.25393264532832,135.15160484242944,133.7230528221235,134.5821075439453,1875300,0.026881679117354063,0.1160872190665736,0.16213913048405026,0.06976736006078044
2024-07-10,134.96822311532492,135.91414516548954,134.62073944184053,135.89483642578125,1298500,0.046921603992265526,0.11032520944506574,0.1643316202178393,0.08164030569380865
2024-07-11,136.15545455828487,136.80215742816176,135.5859719199497,136.11685180664062,1396800,0.040968675556982914,0.1189611367035972,0.16217791382868696,0.08316700305089286
2024-07-12,136.30023417524637,137.45850807425134,135.5087379285044,136.60910034179688,1478800,0.04334693725337546,0.13262730208466955,0.16988170855933316,0.09152431983899767
2024-07-15,136.6187641508837,137.26548176289123,136.06859024069146,136.10719299316406,1863300,0.04305066020312531,0.14841399661266386,0.1604059479397213,0.08654571632866115
2024-07-16,136.14579605186134,137.69015636747974,136.0589288218098,137.50677490234375,1917000,0.021731472420607245,0.14625227984364453,0.16903383099879488,0.09487526014489922
2024-07-17,137.76737217333908,139.89087674435626,137.44884427844875,138.55886840820312,2296300,0.029105926378407476,0.15612880062029633,0.1885071546591668,0.10809064979713079
2024-07-18,137.75772659970397,140.5568897367258,137.54537466757108,139.05113220214844,2316500,0.025703089967061832,0.15397263902913294,0.19031178161604534,0.1173424409287589
2024-07-19,140.0356747391389,140.18045345595613,138.35616798279915,138.63609313964844,4086100,0.013834919849211147,0.1537340415069235,0.18945959486928876,0.10207285140701572
2024-07-22,138.5106098550775,139.3600176111319,137.8252895558514,139.12835693359375,2620400,0.02868974203657859,0.14669326295152496,0.1963082045286022,0.10992247330692817
2024-07-23,134.9971463309982,135.7596719908235,130.89491646253728,131.15553283691406,5074500,-0.02574042471389071,0.06337453986806008,0.13171711104473727,0.028923587055572186
2024-07-24,130.08415745547117,135.68249897293336,129.98762848534562,135.62457275390625,3581800,0.005798313736300242,0.04213838645977486,0.14583434316765853,0.06382838407467228
2024-07-25,136.09754213121585,137.93147475090262,135.67283822478234,136.1651153564453,2704900,0.019144745527795326,0.03307854783262543,0.2177450069711424,0.10221898391554096
2024-07-26,136.75387930889502,137.55502256198622,136.13613224640022,136.87936401367188,2064500,0.018969440433426188,0.04877364980356225,0.19924148747223747,0.11665358171464368
2024-07-29,136.47396160309148,136.71526926663242,134.94889540212253,135.95274353027344,3083100,0.01076425825189653,0.05083948754674039,0.1844385983348491,0.12245582750072526
2024-07-30,132.4585902438315,133.16321918154213,130.70187822206324,131.63815307617188,3517800,-0.0131693892372452,0.012325391653908557,0.14590370121147545,0.08600021349811637
2024-07-31,131.30032253629292,131.4354542365111,129.37950826410164,130.35440063476562,3375600,-0.02009880559248367,-0.0019524235777811372,0.13071922501930744,0.08640492281773016
2024-08-01,131.38720078752823,133.9836737787571,130.82736520298894,133.66514587402344,2497300,0.003550854840091766,0.02384588709231572,0.16643398694707723,0.11486117750311409
2024-08-02,135.2481148095611,137.236487604458,132.70956819941892,135.22882080078125,2401700,0.018760791998945203,0.0355956211793349,0.15656013525285206,0.12380884629779643
2024-08-05,135.26744366501825,136.20371871887806,132.1014878206325,132.864013671875,2547200,-0.004627988487700074,0.02055125906700761,0.14720923134832908,0.11110769412361443
2024-08-06,134.03192603697843,135.91412282216012,133.96435282323444,134.24427795410156,2077300,-0.0014359029537991397,0.032063312972043345,0.17139102062076117,0.1304705766254648
2024-08-07,134.41804172109528,136.68634009052892,134.38908597410284,135.15162658691406,2392200,0.004231758986110279,0.038962545582850616,0.17590642291954217,0.1309416577143705
2024-08-08,134.31184630423652,136.37743941757466,134.31184630423652,136.33883666992188,2144200,0.003267234104094241,0.04847464814894997,0.188783440721761,0.15017918325595092
2024-08-09,135.83692606060825,136.029969274532,134.80413676557689,135.44119262695312,1485200,-0.004963817269644899,0.0360076234548341,0.1888118790730633,0.14019275033979284
2024-08-12,134.6786543382001,134.6786543382001,132.9315889208742,133.49142456054688,2394100,-0.02282187477590847,0.021018869809471985,0.17619677784916843,0.12404269682035163
2024-08-13,133.66515914865616,134.08986306381283,133.10532350851815,133.62655639648438,1777100,-0.018225609845647694,0.024902244945942842,0.17483792794615338,0.12359788427673757
2024-08-14,133.20185484972012,136.13615009931132,132.73854817415386,135.92381286621094,2167100,-0.011511883958132407,0.051704693973978255,0.21035755598864836,0.1476677148846961
2024-08-15,136.628419136498,136.97590280460165,135.18057297410823,136.8504180908203,1875600,-0.012330140517239241,0.06669098507141746,0.22015249067858966,0.1639865143813244
2024-08-16,137.0338065471986,137.7094651057974,136.46432395696905,137.50677490234375,1552600,-0.011106398598463407,0.06734993026182146,0.2219793851310612,0.17095767318452304
2024-08-19,137.76737111985955,138.66504331282272,137.76737111985955,138.4720001220703,1311700,-0.0011836240755344063,0.07788380416484597,0.2357585444443877,0.1746218339794039
2024-08-20,138.25000673411765,139.35036928384216,138.25000673411765,139.2248992919922,1092500,0.0006939085641939347,0.08917866429355237,0.23350963281962134,0.16811534588588595
2024-08-21,139.45652584935135,140.6147997307215,138.84844053037662,139.5530548095703,1447300,0.06402720335937473,0.09076607071032039,0.22307257475343611,0.1851002915082045
2024-08-22,140.1997512057714,140.1997512057714,138.91599268035256,139.57235717773438,1420900,0.029108179614261154,0.08985765506171206,0.21717854532815473,0.17368481292414018
2024-08-23,139.56269743449977,139.65922639168943,137.65154485380273,138.6167755126953,1252000,0.01800505327544566,0.09906209882593875,0.20298184765676552,0.15876617096158618
2024-08-26,138.48165411141676,139.2055771594398,138.20172895169333,139.12835693359375,1148400,0.016430474645522386,0.10228222759049443,0.21150504580289953,0.1645809580573927
2024-08-27,139.04148668277182,139.87158568227278,137.99903574886935,138.54920959472656,1265100,0.019098298401568847,0.12140710519430487,0.20686009872769429,0.15371941423329938
2024-08-28,139.0994009439664,140.19011638076643,138.2306991791757,138.85809326171875,1467100,0.0548468663288606,0.13258903988285553,0.2091516377027085,0.15379143531923645
2024-08-29,139.02217569222,139.10904291990818,137.71910836389137,138.24034118652344,1879200,0.060496159035344554,0.11442011484910619,0.20436845698400163,0.148480944227668
2024-08-30,138.4912996323083,139.67854402268364,138.44303515064027,139.63027954101562,2421700,0.044627442913309556,0.09497230234522913,0.1993539789633585,0.16047637967476813
2024-09-03,139.9584476318588,142.87344838920512,139.9584476318588,142.22674560546875,1904100,0.05174876748349977,0.10218664270173106,0.21581973934473497,0.1878362702772105
2024-09-04,142.61284174903258,143.69389546414018,142.3136225763333,143.19198608398438,1853600,0.07773340671173501,0.08947475229684998,0.22278374412443958,0.20875182366154843
2024-09-05,143.684239277606,144.11859013693902,142.20743751892286,142.90240478515625,1788200,0.06449531378920237,0.09164169984729087,0.20867577418827143,0.21048610792915579
2024-09-06,142.90240854413565,144.17736464285846,142.84401587558773,142.9802703857422,2160600,0.05792489514577648,0.09096092202614381,0.18714566327223858,0.2152596591812146
2024-09-09,142.76614340866357,143.66153224455795,142.46443807653495,143.24302673339844,1836500,0.050639936734913515,0.1035314015800679,0.1916937167871584,0.2010208115573422
2024-09-10,143.2430218493136,144.35254183382943,142.08486606399887,142.33790588378906,1498600,0.050920352391104595,0.08854487451621895,0.17360916582629304,0.19015515671741334
2024-09-11,141.89022275780422,141.89022275780422,138.5811760909283,139.3695068359375,2350400,0.04403340734988226,0.06442943947343283,0.14976884330514162,0.16014764328418218
2024-09-12,139.57388869948846,139.89506321773737,137.89015426891433,138.57144165039062,1977100,0.03700525844005331,0.061935306431586845,0.13254860468851803,0.1832591327673947
2024-09-13,137.97775006766227,139.84638955063764,137.71496823158913,139.68093872070312,1960400,0.027641410105161635,0.037886397157905094,0.1698801918606938,0.19120633107934726
2024-09-16,140.25516917349003,140.94618375503188,139.8853291283864,140.34275817871094,1650900,0.025519396554367413,0.042355251780134884,0.1786339460818236,0.18838841210880508
2024-09-17,139.76854837549033,140.09945008427098,137.62739957958848,137.87071228027344,1851200,0.0026466868864327697,0.016995786817845415,0.16010996495273178,0.1755804655381885
2024-09-18,137.71497962485694,138.5714450277283,136.58600520300428,137.36460876464844,1717300,-0.00799722222865018,0.004536653934294144,0.1482720326259659,0.1702352214747651
2024-09-19,137.0823702933252,137.7247044841151,136.22590490476867,136.35243225097656,1553500,-0.02063184858184952,0.008165060306617455,0.14558240847608572,0.16861739350252947
2024-09-20,136.04097679462848,137.35487113290898,135.52515513011872,136.9850311279297,5576100,-0.01840177332660231,0.017562701020027882,0.1473009557762428,0.16877647540527407
2024-09-23,136.71252838637304,137.96801526767214,136.3232340427247,137.4327392578125,1776900,-0.015329811455410458,0.019207762950812057,0.14994509322660687,0.16941375533434821
2024-09-24,136.84879060290996,138.1529430633087,136.63467424665006,137.2770233154297,1858500,-0.009665151943625494,0.027466958973897393,0.14634811413447002,0.1803378463834635
2024-09-25,138.20160772743134,138.73689861481108,137.12129879131152,137.42300415039062,1683100,-0.01225740618799298,0.023016454312407397,0.1392852315498183,0.18628185830523059
2024-09-26,136.65414213366654,138.87315266799,136.61520378709778,138.3767852783203,1478700,-0.001244498737384414,0.028786217175370776,0.1365559975591144,0.194031829662471
2024-09-27,138.4157250701116,139.5544266837753,138.1821395401441,138.72715759277344,1689400,-0.0009429458943996938,0.03997361294974122,0.12111123846557503,0.21545461418310663
2024-09-30,139.47656821853536,139.66148824457647,137.75391016354473,138.47412109375,1962200,0.001691112053254562,0.040938825183840954,0.12384493707920252,0.2138362815603565
2024-10-01,138.54225430202894,139.30138872144047,137.6760617029246,138.60064697265625,1849600,-0.007373992029120924,0.04060633638847766,0.13465025649865825,0.22248550900232833
2024-10-02,138.26973777772653,138.45464294114825,137.06290153120298,137.968017578125,1587600,-0.02994322909670799,0.039396824035627276,0.14407567101044938,0.23571991783343904
2024-10-03,137.6273851649745,137.65658149794848,136.1577671023577,136.2940216064453,1436000,-0.04817283890100732,0.021068464622380212,0.12626329524405278,0.20513218701276825
2024-10-04,135.3986191300737,137.42298216628285,134.85360116852237,137.12127685546875,1593000,-0.04045507798402004,0.01996439696161989,0.13480384357189745,0.20773809399812748
2024-10-07,137.99721434032844,138.84395257304467,136.8098621134424,137.0142364501953,2037100,-0.0417262739778802,0.018071710650361394,0.13625682435011122,0.2325629087357144
2024-10-08,137.41327633256677,138.46438892895603,136.75145809752405,138.21133422851562,1527300,-0.03512696303358431,0.01704625329159959,0.12925209420131467,0.23998309876469448
2024-10-09,138.055625597582,138.88287982931823,137.69551271964696,138.3767852783203,1249400,-0.02782899313344389,0.016602892600616537,0.1375391282805507,0.24398036196120043
2024-10-10,138.4254601012523,138.99968937207302,136.8585256855462,137.28675842285156,1296500,-0.01494407536031317,0.004960563237435656,0.13824577144110695,0.222428038431133
2024-10-11,137.9777595811869,138.59089744013124,137.32568337685169,138.44491577148438,1384400,-0.0009130732667519403,0.017175600546238012,0.16813869668019166,0.23645888163554263
2024-10-14,138.4254376839264,139.9242520217695,138.33784868837918,139.7003936767578,1366600,0.00013928139539198803,0.01595280505976482,0.16453821901330135,0.24350414969742284
2024-10-15,140.14810534332906,142.6104285061026,140.07997066381924,141.34519958496094,1964000,0.0071428082165343465,0.02010936729469459,0.17937781931194463,0.2512484862893103
2024-10-16,140.57634816279707,142.49365343004837,139.8269408873699,142.03622436523438,1819300,0.030213175924506563,0.021467586173597564,0.17874564609946475,0.24403795400654404
2024-10-17,141.9486345135959,142.72722326976543,141.53012894905757,142.1822052001953,2537200,0.03507159870997789,0.025578563130561394,0.18324490052348597,0.2446006337970461
2024-10-18,140.9753829344348,141.79291003424746,139.2916483745336,141.52040100097656,3915400,0.03790155162386544,0.01719307350495436,0.16640844450908654,0.2221469069791009
2024-10-21,141.52039118350768,142.2211328920581,140.14810410004415,140.3524932861328,2508300,0.024582701704526144,0.07012255030563419,0.13794107453368865,0.2176843501563286
2024-10-22,133.3840197956683,135.72955769436524,133.08231443578984,134.06529235839844,4180200,-0.024502508773379006,-0.011497034525868366,0.030156885449913906,0.16096384768454453
2024-10-23,133.2769522479294,134.8341444460308,132.6540723985634,133.22828674316406,2640900,-0.029493184470955502,-0.021568142512811694,0.010796962486042672,0.16583896819450739
2024-10-24,133.37427384857344,134.11395390968096,132.5178233023935,133.34507751464844,1835300,-0.029674264952609053,-0.02582044798710803,0.02169384432855992,0.17954639263201178
2024-10-25,132.99470646502473,133.55919367114,131.71002322229464,131.8949432373047,2273900,-0.04684197589919836,-0.029847137965738568,0.01947493638208675,0.18361354669560104
2024-10-28,132.65406670015565,133.08229936269177,131.58348504381533,131.99224853515625,2036400,-0.0485478775351772,0.0026899151249826225,0.015048461036322403,0.17078591220192507
2024-10-29,131.15526948158066,132.21612411595305,130.81464061969783,130.91195678710938,1608800,-0.05461066838272888,0.004277233063315844,0.0023164585148542916,0.19409408579758147
2024-10-30,130.65891254708131,131.1942034270832,129.967897983692,130.81463623046875,1636300,-0.05617586145700715,-0.02132575118902902,0.0020116044482745288,0.1666507902897536
2024-10-31,130.76596738813265,131.47643625585528,130.28906918890652,130.5907745361328,3322500,-0.05347067509913872,-0.03429776461248002,7.700633041118898e-05,0.16348606834925672
2024-11-01,131.01900450452592,131.86574271209926,130.55184832662047,131.00927734375,1678200,-0.03877458600462491,-0.01395965902931029,0.006304711468498869,0.16887563186061416
2024-11-04,131.4375079003661,132.30370041547036,130.04575169932673,130.1625518798828,1537700,-0.05074868857092618,-0.030405214556811888,0.0006832065049142688,0.146162919287953
2024-11-05,130.30854582498057,131.25260026589837,129.92897861630638,131.22340393066406,1414800,-0.042264458566947716,-0.029065300621623047,0.008764786860878226,0.1715704972936274
2024-11-06,132.50808419115825,132.61514236810262,127.34986707646068,128.1187286376953,2235400,-0.07302299516285271,-0.06029175716180968,-0.014739730727560296,0.130594211089907
2024-11-07,128.73188677660957,130.27935197607337,128.56643592358157,128.71241760253906,1879900,-0.0698409610856553,-0.049680417706799096,-0.015461668025830266,0.13941766798389632
2024-11-08,128.99464062864115,130.79516035530662,128.6637389563695,130.03602600097656,1703500,-0.05281450669511989,-0.02588479800066157,-0.005409997390410037,0.14874985425019904
2024-11-11,129.75379631311029,130.98981406548808,129.51048362712018,129.6953887939453,1569800,-0.06319861533941007,-0.029419059418659743,-0.005249415096439614,0.15089126971838573
2024-11-12,130.415578098984,130.64916358508788,128.48854610315917,128.60533142089844,2525000,-0.07942040794481509,-0.05384252612539675,-0.004921743487518171,0.13441879314918803
2024-11-13,129.93870551640617,129.93870551640617,128.4301786969082,128.65402221679688,1494800,-0.08978852769977197,-0.059893100718069636,0.002803554467478042,0.13129070108339413
2024-11-14,128.1868649941676,129.20876641852337,127.34012672885788,128.15765380859375,1543400,-0.09771148605691626,-0.06799025793739744,-0.005219466806143047,0.1276702641202807
2024-11-15,128.05061507290944,131.6029745578903,127.98248038850733,130.49346923828125,3199100,-0.08220955600917912,-0.057618369610864084,0.0157778967389115,0.14435000917605478
2024-11-18,130.16255771171976,132.67354637208857,129.870579523188,132.371826171875,2038300,-0.06464491878480783,-0.049223042393763516,0.035565976726648074,0.15929618398384005
2024-11-19,132.08958685808835,132.99470288535122,131.2817869909399,131.98252868652344,1771300,-0.0596353110916652,-0.054248372659254085,0.03159378642235677,0.16075067345050043
2024-11-20,131.69055507939095,132.85845299572307,131.04820602768856,132.72219848632812,1883400,-0.010018207161923809,-0.04907962314259062,0.03636785207221571,0.1736470549501956
2024-11-21,132.8487108255113,134.29885960858658,132.41075101269524,133.36453247070312,1618500,0.0010226486496949239,-0.03789038536328637,0.05741821236324163,0.1695275238482079
2024-11-22,134.07502760369704,135.3791949888459,133.8122605747759,134.71737670898438,1977600,0.010291337482519314,-0.03170439385491153,0.067335037707696,0.17395448619002485
2024-11-25,135.35971341135846,136.01178961886913,134.1820734929046,135.41810607910156,4025000,0.026711887168092696,-0.02259921600984849,0.09606418378903991,0.17900055125572245
2024-11-26,135.3305214391797,136.5178885569836,135.10667792207414,135.99232482910156,2305200,0.030305387917381355,-0.020638108772067065,0.10921454408370224,0.18428995433668582
2024-11-27,136.11886585529743,136.8390768378271,135.26240034641128,135.4765167236328,1466800,0.03486740286027801,-0.019992893819333668,0.0921396318227985,0.1837633323700394
2024-11-29,134.32807228278037,136.06045742469533,134.31833027090684,135.62249755859375,1213100,0.036753236997536964,-0.028702814286385547,0.0635435157022779,0.18717983154710738
2024-12-02,136.02152096129996,136.64440085408663,134.6687029980307,135.82687377929688,2397100,0.040095475823334725,-0.04499766762522195,0.052590814492479376,0.17013448156557232
2024-12-03,135.56409416971798,136.01179606133405,132.85845819819394,133.1504364013672,2187700,0.016343568188679436,-0.07012647814471729,0.013073724890683591,0.1442105149286732
2024-12-04,132.41077012170703,133.13096618652344,131.72949755338277,133.13096618652344,2068200,0.022805440303444113,-0.06837840562111941,0.016996980902204584,0.14284541015690877
2024-12-05,133.42293124729557,134.6200402679843,132.9460479217484,134.45457458496094,2201700,0.0246234326919621,-0.05962847725619791,0.02590858349970726,0.1800574171496403
2024-12-06,134.6411504655959,135.2794088057044,132.0685194172146,132.2943572998047,2207200,0.032591867766012195,-0.07643422289568924,0.01918383645930466,0.15161585048567194
2024-12-09,132.06852154783232,132.64785198696876,129.21112466044525,130.54653930664062,3423800,0.014249765005310389,-0.08284066358806363,-0.001630905234090263,0.13434346119554696
2024-12-10,129.82974314428398,131.54810684421503,129.59407644300558,130.6643829345703,2662500,0.004832175766345204,-0.06246074983686822,-0.0020556214645152115,0.15003978970514664
2024-12-11,130.7331019350479,131.47935730374053,128.03281628107837,128.24884033203125,2094200,-0.01115343016714554,-0.07449299217368921,-0.017171432039385537,0.11916839032083426
2024-12-12,128.63178521537694,129.5155090442909,127.75787521284968,128.52377319335938,1763100,-0.0006341745450050285,-0.07987607779220962,-0.04501589744095591,0.1141991662158619
2024-12-13,128.18011174386714,129.64318115121813,127.67933683780672,128.9656524658203,1621600,0.0024222347941700306,-0.0810665677412663,-0.04214491084876415,0.10129838755861087
2024-12-16,129.83954261897586,130.63489704632534,128.93617617168135,128.9852752685547,2792400,0.006457838727268017,-0.06444760359006341,-0.048547154503755796,0.126805977263875
2024-12-17,127.8560762802708,129.60389632458336,127.6498660579906,128.76925659179688,3378700,-0.013213018678628008,-0.06257326577894806,-0.05832048509703158,0.1381043322970077
2024-12-18,127.95427066308268,129.6235352914086,127.6498771993397,128.01318359375,3048400,-0.03292726786488254,-0.06115951523238661,-0.0534938260559652,0.1206323061492991
2024-12-19,128.37648271340046,129.93773503716804,127.99353374751522,129.07363891601562,3447600,-0.0220399608907087,-0.057753698683512766,-0.041205308606264146,0.12823152315930475
2024-12-20,129.21112257749382,129.9181076719028,128.68089124815805,128.94601440429688,5579500,-0.0284517897163995,-0.0617518423873894,-0.04373019418693025,0.1458061958314898
2024-12-23,128.523782623723,129.142398339118,127.76769841412268,129.0638427734375,1705200,-0.032247626993409106,-0.059829244134470105,-0.0340056125546534,0.14080352181442501
2024-12-24,128.7594448703712,130.24214179111988,128.58269110796385,129.7904510498047,619600,-0.036572309968763705,-0.05554057814245683,-0.033802471009349855,0.13978209337038905
2024-12-26,129.33876823167483,130.80183741902906,129.33876823167483,130.72328186035156,1017500,-0.03466910263836964,-0.05530915754817611,-0.028115081793773755,0.14912109565588172
2024-12-27,129.918102727448,130.98839415524358,128.94600949683826,129.41732788085938,1525000,-0.04834829433576371,-0.06710891993651735,-0.029817892977793692,0.13556080496275813
2024-12-30,129.40749871922813,129.40749871922813,127.37492789289598,128.25865173339844,1415200,-0.05327760976434426,-0.07377168585482818,-0.03585298682171523,0.1206436292946762
